# w_over_pi  magnitude_dB
0.000000 0.0000
0.001953 0.0007
0.003906 0.0027
0.005859 0.0061
0.007812 0.0108
0.009766 0.0170
0.011719 0.0244
0.013672 0.0333
0.015625 0.0435
0.017578 0.0550
0.019531 0.0680
0.021484 0.0823
0.023438 0.0980
0.025391 0.1152
0.027344 0.1337
0.029297 0.1536
0.031250 0.1750
0.033203 0.1977
0.035156 0.2219
0.037109 0.2476
0.039062 0.2747
0.041016 0.3032
0.042969 0.3333
0.044922 0.3648
0.046875 0.3979
0.048828 0.4324
0.050781 0.4685
0.052734 0.5061
0.054688 0.5453
0.056641 0.5860
0.058594 0.6284
0.060547 0.6723
0.062500 0.7179
0.064453 0.7651
0.066406 0.8139
0.068359 0.8645
0.070312 0.9167
0.072266 0.9707
0.074219 1.0263
0.076172 1.0838
0.078125 1.1430
0.080078 1.2040
0.082031 1.2668
0.083984 1.3315
0.085938 1.3980
0.087891 1.4665
0.089844 1.5368
0.091797 1.6090
0.093750 1.6832
0.095703 1.7594
0.097656 1.8375
0.099609 1.9176
0.101562 1.9998
0.103516 2.0840
0.105469 2.1702
0.107422 2.2585
0.109375 2.3489
0.111328 2.4413
0.113281 2.5358
0.115234 2.6324
0.117188 2.7311
0.119141 2.8318
0.121094 2.9346
0.123047 3.0394
0.125000 3.1462
0.126953 3.2549
0.128906 3.3655
0.130859 3.4779
0.132812 3.5921
0.134766 3.7080
0.136719 3.8253
0.138672 3.9441
0.140625 4.0642
0.142578 4.1853
0.144531 4.3073
0.146484 4.4300
0.148438 4.5530
0.150391 4.6761
0.152344 4.7990
0.154297 4.9212
0.156250 5.0424
0.158203 5.1620
0.160156 5.2795
0.162109 5.3943
0.164062 5.5059
0.166016 5.6135
0.167969 5.7164
0.169922 5.8138
0.171875 5.9049
0.173828 5.9887
0.175781 6.0646
0.177734 6.1314
0.179688 6.1884
0.181641 6.2346
0.183594 6.2693
0.185547 6.2915
0.187500 6.3007
0.189453 6.2961
0.191406 6.2774
0.193359 6.2442
0.195312 6.1962
0.197266 6.1333
0.199219 6.0557
0.201172 5.9636
0.203125 5.8574
0.205078 5.7376
0.207031 5.6048
0.208984 5.4597
0.210938 5.3031
0.212891 5.1359
0.214844 4.9589
0.216797 4.7731
0.218750 4.5793
0.220703 4.3784
0.222656 4.1713
0.224609 3.9587
0.226562 3.7416
0.228516 3.5205
0.230469 3.2961
0.232422 3.0691
0.234375 2.8401
0.236328 2.6094
0.238281 2.3777
0.240234 2.1453
0.242188 1.9126
0.244141 1.6800
0.246094 1.4476
0.248047 1.2158
0.250000 0.9848
0.251953 0.7547
0.253906 0.5259
0.255859 0.2983
0.257812 0.0721
0.259766 -0.1526
0.261719 -0.3756
0.263672 -0.5970
0.265625 -0.8167
0.267578 -1.0345
0.269531 -1.2506
0.271484 -1.4649
0.273438 -1.6772
0.275391 -1.8878
0.277344 -2.0964
0.279297 -2.3032
0.281250 -2.5081
0.283203 -2.7112
0.285156 -2.9124
0.287109 -3.1118
0.289062 -3.3094
0.291016 -3.5052
0.292969 -3.6992
0.294922 -3.8915
0.296875 -4.0821
0.298828 -4.2710
0.300781 -4.4582
0.302734 -4.6438
0.304688 -4.8278
0.306641 -5.0102
0.308594 -5.1910
0.310547 -5.3703
0.312500 -5.5482
0.314453 -5.7245
0.316406 -5.8994
0.318359 -6.0729
0.320312 -6.2450
0.322266 -6.4157
0.324219 -6.5852
0.326172 -6.7533
0.328125 -6.9201
0.330078 -7.0857
0.332031 -7.2500
0.333984 -7.4131
0.335938 -7.5751
0.337891 -7.7359
0.339844 -7.8956
0.341797 -8.0541
0.343750 -8.2116
0.345703 -8.3680
0.347656 -8.5234
0.349609 -8.6777
0.351562 -8.8311
0.353516 -8.9835
0.355469 -9.1349
0.357422 -9.2854
0.359375 -9.4350
0.361328 -9.5836
0.363281 -9.7314
0.365234 -9.8784
0.367188 -10.0244
0.369141 -10.1697
0.371094 -10.3142
0.373047 -10.4578
0.375000 -10.6007
0.376953 -10.7428
0.378906 -10.8842
0.380859 -11.0249
0.382812 -11.1648
0.384766 -11.3041
0.386719 -11.4426
0.388672 -11.5805
0.390625 -11.7178
0.392578 -11.8544
0.394531 -11.9904
0.396484 -12.1257
0.398438 -12.2605
0.400391 -12.3947
0.402344 -12.5283
0.404297 -12.6613
0.406250 -12.7938
0.408203 -12.9258
0.410156 -13.0572
0.412109 -13.1881
0.414062 -13.3185
0.416016 -13.4484
0.417969 -13.5779
0.419922 -13.7068
0.421875 -13.8353
0.423828 -13.9634
0.425781 -14.0910
0.427734 -14.2182
0.429688 -14.3450
0.431641 -14.4713
0.433594 -14.5973
0.435547 -14.7228
0.437500 -14.8480
0.439453 -14.9728
0.441406 -15.0972
0.443359 -15.2213
0.445312 -15.3451
0.447266 -15.4685
0.449219 -15.5915
0.451172 -15.7143
0.453125 -15.8367
0.455078 -15.9588
0.457031 -16.0807
0.458984 -16.2022
0.460938 -16.3235
0.462891 -16.4445
0.464844 -16.5652
0.466797 -16.6856
0.468750 -16.8059
0.470703 -16.9258
0.472656 -17.0456
0.474609 -17.1651
0.476562 -17.2843
0.478516 -17.4034
0.480469 -17.5223
0.482422 -17.6409
0.484375 -17.7594
0.486328 -17.8776
0.488281 -17.9957
0.490234 -18.1136
0.492188 -18.2314
0.494141 -18.3490
0.496094 -18.4664
0.498047 -18.5837
0.500000 -18.7008
0.501953 -18.8178
0.503906 -18.9347
0.505859 -19.0514
0.507812 -19.1681
0.509766 -19.2846
0.511719 -19.4010
0.513672 -19.5173
0.515625 -19.6335
0.517578 -19.7497
0.519531 -19.8657
0.521484 -19.9817
0.523438 -20.0976
0.525391 -20.2135
0.527344 -20.3292
0.529297 -20.4450
0.531250 -20.5607
0.533203 -20.6763
0.535156 -20.7919
0.537109 -20.9075
0.539062 -21.0231
0.541016 -21.1386
0.542969 -21.2541
0.544922 -21.3696
0.546875 -21.4852
0.548828 -21.6007
0.550781 -21.7162
0.552734 -21.8318
0.554688 -21.9473
0.556641 -22.0629
0.558594 -22.1786
0.560547 -22.2942
0.562500 -22.4099
0.564453 -22.5257
0.566406 -22.6415
0.568359 -22.7574
0.570312 -22.8733
0.572266 -22.9893
0.574219 -23.1054
0.576172 -23.2216
0.578125 -23.3379
0.580078 -23.4542
0.582031 -23.5707
0.583984 -23.6872
0.585938 -23.8039
0.587891 -23.9207
0.589844 -24.0376
0.591797 -24.1547
0.593750 -24.2718
0.595703 -24.3892
0.597656 -24.5066
0.599609 -24.6242
0.601562 -24.7420
0.603516 -24.8600
0.605469 -24.9781
0.607422 -25.0964
0.609375 -25.2148
0.611328 -25.3335
0.613281 -25.4523
0.615234 -25.5714
0.617188 -25.6907
0.619141 -25.8101
0.621094 -25.9298
0.623047 -26.0497
0.625000 -26.1699
0.626953 -26.2903
0.628906 -26.4109
0.630859 -26.5318
0.632812 -26.6529
0.634766 -26.7744
0.636719 -26.8960
0.638672 -27.0180
0.640625 -27.1403
0.642578 -27.2628
0.644531 -27.3856
0.646484 -27.5088
0.648438 -27.6322
0.650391 -27.7560
0.652344 -27.8801
0.654297 -28.0046
0.656250 -28.1294
0.658203 -28.2545
0.660156 -28.3800
0.662109 -28.5059
0.664062 -28.6321
0.666016 -28.7588
0.667969 -28.8858
0.669922 -29.0132
0.671875 -29.1410
0.673828 -29.2693
0.675781 -29.3979
0.677734 -29.5270
0.679688 -29.6566
0.681641 -29.7866
0.683594 -29.9170
0.685547 -30.0479
0.687500 -30.1793
0.689453 -30.3112
0.691406 -30.4436
0.693359 -30.5765
0.695312 -30.7099
0.697266 -30.8439
0.699219 -30.9783
0.701172 -31.1134
0.703125 -31.2489
0.705078 -31.3851
0.707031 -31.5218
0.708984 -31.6591
0.710938 -31.7971
0.712891 -31.9356
0.714844 -32.0748
0.716797 -32.2146
0.718750 -32.3550
0.720703 -32.4961
0.722656 -32.6379
0.724609 -32.7804
0.726562 -32.9236
0.728516 -33.0675
0.730469 -33.2121
0.732422 -33.3575
0.734375 -33.5036
0.736328 -33.6505
0.738281 -33.7982
0.740234 -33.9466
0.742188 -34.0959
0.744141 -34.2460
0.746094 -34.3970
0.748047 -34.5488
0.750000 -34.7016
0.751953 -34.8552
0.753906 -35.0097
0.755859 -35.1652
0.757812 -35.3216
0.759766 -35.4789
0.761719 -35.6373
0.763672 -35.7967
0.765625 -35.9571
0.767578 -36.1185
0.769531 -36.2811
0.771484 -36.4447
0.773438 -36.6094
0.775391 -36.7753
0.777344 -36.9423
0.779297 -37.1105
0.781250 -37.2799
0.783203 -37.4506
0.785156 -37.6225
0.787109 -37.7957
0.789062 -37.9702
0.791016 -38.1460
0.792969 -38.3232
0.794922 -38.5018
0.796875 -38.6818
0.798828 -38.8633
0.800781 -39.0463
0.802734 -39.2308
0.804688 -39.4168
0.806641 -39.6045
0.808594 -39.7938
0.810547 -39.9847
0.812500 -40.1773
0.814453 -40.3717
0.816406 -40.5679
0.818359 -40.7659
0.820312 -40.9657
0.822266 -41.1675
0.824219 -41.3712
0.826172 -41.5769
0.828125 -41.7847
0.830078 -41.9945
0.832031 -42.2065
0.833984 -42.4208
0.835938 -42.6373
0.837891 -42.8561
0.839844 -43.0773
0.841797 -43.3010
0.843750 -43.5271
0.845703 -43.7558
0.847656 -43.9872
0.849609 -44.2213
0.851562 -44.4582
0.853516 -44.6980
0.855469 -44.9407
0.857422 -45.1865
0.859375 -45.4353
0.861328 -45.6874
0.863281 -45.9428
0.865234 -46.2016
0.867188 -46.4640
0.869141 -46.7299
0.871094 -46.9996
0.873047 -47.2732
0.875000 -47.5507
0.876953 -47.8323
0.878906 -48.1182
0.880859 -48.4085
0.882812 -48.7033
0.884766 -49.0028
0.886719 -49.3071
0.888672 -49.6165
0.890625 -49.9312
0.892578 -50.2512
0.894531 -50.5768
0.896484 -50.9083
0.898438 -51.2458
0.900391 -51.5896
0.902344 -51.9400
0.904297 -52.2971
0.906250 -52.6614
0.908203 -53.0331
0.910156 -53.4126
0.912109 -53.8001
0.914062 -54.1961
0.916016 -54.6009
0.917969 -55.0150
0.919922 -55.4388
0.921875 -55.8728
0.923828 -56.3176
0.925781 -56.7737
0.927734 -57.2416
0.929688 -57.7222
0.931641 -58.2160
0.933594 -58.7238
0.935547 -59.2466
0.937500 -59.7852
0.939453 -60.3407
0.941406 -60.9141
0.943359 -61.5067
0.945312 -62.1199
0.947266 -62.7551
0.949219 -63.4140
0.951172 -64.0985
0.953125 -64.8107
0.955078 -65.5530
0.957031 -66.3280
0.958984 -67.1388
0.960938 -67.9889
0.962891 -68.8824
0.964844 -69.8239
0.966797 -70.8191
0.968750 -71.8743
0.970703 -72.9973
0.972656 -74.1977
0.974609 -75.4867
0.976562 -76.8788
0.978516 -78.3917
0.980469 -80.0488
0.982422 -81.8802
0.984375 -83.9274
0.986328 -86.2480
0.988281 -88.9267
0.990234 -92.0946
0.992188 -95.9716
0.994141 -100.9696
0.996094 -108.0135
0.998047 -120.0549
1.000000 -180.0000
